endval;
a_0=0.2;
n_0=0.4366780909230331;
n_1=0.2816609545403916;
n_2=0.2816609545365753;
s_0=0.4366780909253639;
s_1=0.28166095453685575;
s_2=0.2816609545377804;
k=9.612125029012908;
k_0=9.612125029018213;
k_1=9.61212502901701;
k_2=9.612125029016527;
c_0=0.873245492071858;
c_1=0.8732454920744176;
c_2=0.8732454920721923;
i=0.49463904155788385;
end;


